%YAML:1.0
---
image_width: 1600
image_height: 1200
camera_matrix: !!opencv-matrix
   rows: 3
   cols: 3
   dt: f
   data: [ 1.01552002e+03, 0., 6.31728027e+02, 0., 1.01145001e+03,
       3.55032990e+02, 0., 0., 1. ]
distortion_coefficients: !!opencv-matrix
   rows: 1
   cols: 5
   dt: f
   data: [ 3.01286012e-01, -2.13319993e+00, -5.07551013e-03,
       -7.18935020e-03, 5.84392977e+00 ]
