%YAML:1.0
---
calibration_time: "mer 27 gen 2021, 10:37:47"
image_width: 1920
image_height: 1080
flags: 0
camera_matrix: !!opencv-matrix
   rows: 3
   cols: 3
   dt: d
   data: [ 1.8043607520288670e+03, 0., 9.6968255332905244e+02, 0.,
       1.8129507258544040e+03, 5.4828162452162655e+02, 0., 0., 1. ]
distortion_coefficients: !!opencv-matrix
   rows: 1
   cols: 5
   dt: d
   data: [ 1.6853844132724738e-01, -1.0811635653027789e+00,
       2.1346475089543244e-03, 1.7981919143899828e-03,
       3.1232486010133189e+00 ]
avg_reprojection_error: 1.0183958680529788e+00
