%YAML:1.0
---
calibration_time: "Thu 01 Apr 2021 08:05:27 AM CEST"
image_width: 2160
image_height: 3840
flags: 0
camera_matrix: !!opencv-matrix
   rows: 3
   cols: 3
   dt: d
   data: [ 2.9486109646253499e+03, 0., 1.0712799694139292e+03, 0.,
       2.9496319946729864e+03, 1.9166487359209398e+03, 0., 0., 1. ]
distortion_coefficients: !!opencv-matrix
   rows: 1
   cols: 5
   dt: d
   data: [ 3.2037586059036066e-01, -2.9306349435847934e+00,
       -8.2275314185785507e-04, 9.2913733548820841e-04,
       1.1241379178098395e+01 ]
avg_reprojection_error: 1.2875215540445970e+00
